(0,404.36958169937134) +-(29.060614585876465,34.03629469871521)
(5,517.3984375794729) +-(101.94538291295373,114.36915461222327)
(10,490.02822701136273) +-(57.20747629801434,31.838959773381532)
(15,426.4488645394643) +-(96.37091430028278,55.978678623835265)
(20,484.27263673146564) +-(151.24891122182208,177.17874852816266)
(25,396.60781955718994) +-(72.57403707504272,53.854567766189575)
(30,452.26749475797016) +-(78.77053364117938,135.61389080683392)
(35,372.60517319043475) +-(72.38444622357684,61.21123711268109)
(40,448.1205156644185) +-(153.3816071351369,242.5897919336955)
(45,460.6519289811452) +-(44.53636439641315,87.47929112116498)
(50,451.85967389742535) +-(107.01011268297833,84.21820791562396)
(55,467.1324764092763) +-(62.432584603627504,62.50200382868451)
(60,379.27580165863037) +-(14.848271608352661,14.07632064819336)

(0,334.3121237754822) +-(101.09255194664001,62.47628855705261)
(5,260.50675654411316) +-(19.573394536972046,28.517176628112793)
(10,326.1568892796834) +-(22.70454462369281,21.85872952143353)
(15,365.67306129137677) +-(38.72955266634625,19.929033358891786)
(20,310.2269129753113) +-(132.30869460105896,109.8283326625824)
(25,300.8442380428314) +-(64.0116753578186,112.20042729377747)
(30,319.8482630252838) +-(44.47242021560669,36.79967713356018)
(35,272.7328468163808) +-(26.938536723454774,16.93741742769879)
(40,377.04305903116864) +-(82.77903715769452,57.459978659947694)
(45,350.9462103843689) +-(45.150853872299194,28.851967096328735)
(50,298.4802855650584) +-(67.71484510103863,88.53247721989948)
(55,327.3449935913086) +-(20.651771068572998,21.141553163528442)
(60,335.61471009254456) +-(112.39480423927307,177.4072983264923)

