(0,476.66661500930786) +-(65.78845691680908,120.44286608695984)
(5,443.3879810174306) +-(50.47788246472675,64.42045108477276)
(10,374.7570547262828) +-(73.48655192057294,46.544822772343935)
(15,367.85606543223065) +-(57.19832674662274,98.49187048276264)
(20,597.7924966812134) +-(180.0338261127472,130.4346718788147)
(25,413.8171803156535) +-(46.84369222323102,41.56267102559406)
(30,369.91832105318707) +-(73.43785730997723,59.19614060719806)
(35,462.91574788093567) +-(73.52380275726318,86.80094075202942)
(40,477.57044831911725) +-(113.04234043757123,155.71190603574115)
(45,449.3727451165517) +-(47.75103600819904,52.02318970362347)
(50,358.7849497795105) +-(44.44144678115845,43.690062284469604)
(55,539.3291424115499) +-(117.77365287144983,179.44777170817054)
(60,365.3429268995921) +-(48.850233713785826,59.2198708852132)

(0,315.97635475794476) +-(28.156940857569396,36.014599402745546)
(5,281.84109083811444) +-(22.277794043223082,27.8847821553548)
(10,444.3132643699646) +-(80.74690794944763,85.63761305809021)
(15,371.7229268550873) +-(92.07634139060974,90.5007483959198)
(20,288.0365645090739) +-(36.85706106821698,54.47701104482013)
(25,328.06417719523114) +-(19.481801430384337,24.92073400815326)
(30,385.64895542462665) +-(110.21345194180805,161.65977327028912)
(35,276.50204610824585) +-(100.08480906486511,105.0947687625885)
(40,248.9396633307139) +-(16.50698773066202,11.994057973225921)
(45,282.0057481924693) +-(9.968728939692198,6.326074202855409)
(50,293.4066809813182) +-(95.11677924791974,106.8235884507497)
(55,363.03620012601215) +-(64.64723141988117,94.42155663172406)
(60,394.6573675473531) +-(75.13186248143512,90.25764147440594)