(10,419.24754508336383) +-(176.65753229459125,176.5844926039378)
(10,519.9847438335419) +-(156.52618169784546,172.06011271476746)
(10,515.9264768759409) +-(70.98675338427222,79.36291225751245)
(10,484.1469020843506) +-(96.23208284378052,146.70802640914917)
(10,471.0262285868327) +-(55.04860583941144,52.964497407277406)
(10,490.43083055814105) +-(13.624048074086488,21.192187468210875)
(10,613.841903924942) +-(134.74355053901672,177.87924027442932)
(10,457.55314604441327) +-(63.282553831736266,123.57381327946979)
(10,538.4368212223053) +-(43.207539558410645,26.32455086708069)
(10,570.5972145398458) +-(158.65695818265283,134.4270052115122)
(10,516.3185877799988) +-(118.09844493865967,97.04393792152405)
(10,489.2379767894745) +-(137.37802815437317,126.22460389137268)
(10,439.52021106084186) +-(206.0959602197011,178.79899732271832)

(10,381.12480958302814) +-(19.388096888860048,12.824012915293395)
(10,436.5916778246562) +-(43.14784185091656,55.41093905766803)
(10,405.8531283537547) +-(62.48630372683209,57.94498928387958)
(10,506.50789499282837) +-(72.73569703102112,140.64691257476807)
(10,510.2425708770752) +-(103.73408007621765,146.030690908432)
(10,462.8088159561157) +-(98.3546495437622,144.77956104278564)
(10,485.6641275882721) +-(80.5455994606018,131.14658403396606)
(10,482.4985732237498) +-(194.97924367586774,286.6772554715474)
(10,345.7977542877197) +-(103.04310941696167,91.1992404460907)
(10,362.8905630906423) +-(129.60416038831073,94.87703291575116)
(10,421.2068878809611) +-(160.70478526751202,216.9988678296407)
(10,634.0148128668467) +-(137.52103845278418,262.0824137528738)
(10,522.4212790330251) +-(68.39370354016626,72.48900930086768)

