(0,111.13877987861633) +-(42.31565618515015,-30.451346397399902)
(5,75.23209714889526) +-(42.34170198440552,-53.3240225315094)
(10,220.05460969607032) +-(113.44789854685462,-197.48331205050147)
(15,129.11068868637085) +-(95.7148494720459,2863.4116020202637)
(20,132.2402261892954) +-(120.10933868090308,1520.1806305249534)
(25,240.22708765665686) +-(57.81691829363501,-105.87304274241126)
(30,239.5888454119364) +-(55.0120700995127,-63.59971872965491)
(35,222.71509265899658) +-(56.762706995010376,611.4659941196442)
(40,-63.38309383392334) +-(-190.78467893600464,286.0898938179016)
(45,-88.49800427754724) +-(-241.05577214558923,244.70579417546594)
(50,47.753898938496945) +-(-175.68172542254126,-18.548464616139768)
(55,47.814565896987915) +-(36.281052350997925,29412.453511953354)
(60,541.351622025172) +-(352.4308282534282,206.71167739232374)

