
(0,70.9897997379303) +-(30.301595449447632,26.785609245300293)
(5,11.229805390040042) +-(9.820255200068118,27.68899377187097)
(10,15.118107477823855) +-(10.824739853541018,23.890570004781125)
(15,-2.5682920614878526) +-(-16.355533043543517,92.14062229792279)
(20,-160.88561367988586) +-(-309.29894757270813,401.1751911640167)
(25,-56.787129084269225) +-(-72.76176206270856,208.33830324808758)
(30,29.753643035888672) +-(-54.33098125457764,55.593297719955444)
(35,73.05871049563092) +-(-33.1627145608266,47.018338759740175)
(40,159.86538473765057) +-(-14.404699405034364,-4.9692856470744005)
(45,156.53259944915777) +-(-25.17375469207758,76.88644742965693)
(50,-38.563860177993774) +-(-121.74665951728821,238.06853890419006)
(55,-173.45428363482154) +-(-324.22739688555396,434.06595055262244)
(60,-25.421266158421872) +-(-35.18405493100488,80.56175788243615)

(0,69.42675248781842) +-(-54.35555728276569,-53.50780073801678)
(5,-91.17750438054401) +-(-117.34523804982501,250.1234308083852)
(10,-74.86552381515497) +-(-116.53725171089167,210.18644881248468)
(15,56.45565986633301) +-(-74.79022192955017,-8.48812747001648)
(20,40.67132576306659) +-(16.287281592686952,10.209952990214049)
(25,-8.826615254084231) +-(-107.39369932810462,108.02098194758094)
(30,6.889896869659424) +-(-61.20986318588257,95.93236994743347)
(35,-32.546087900797545) +-(-115.43953506151837,51.889474550882994)
(40,-83.74199668566388) +-(-149.6444052855174,164.53207508722943)
(45,-10.189374446868896) +-(-44.81175756454468,57.17506432533264)
(50,-33.9356170495351) +-(-47.1938641866048,80.81802972157794)
(55,111.24745504061377) +-(-9.212434371312497,-25.986236731211307)
(60,101.86359620094305) +-(-171.47314119338984,-58.668926954269466)

