(2,-60.40457050005591) +-(-47.812271277109744,-20.645534833272336)
(4,-70.64069747924805) +-(-26.505649089813232,4.195541858673096)
(6,-4.092581113179506) +-(-42.48223288853961,-62.919854084650694)
(8,33.82561254501343) +-(46.47582960128784,106.49513530731201)
(10,-112.72065782546997) +-(-33.14822435379028,-29.478155851364136)
(12,1.758924961090088) +-(27.057854652404785,56.504554271698)
(14,63.64867544174194) +-(49.06754016876221,114.59090232849121)
(16,133.0934800306956) +-(68.6060029665629,23.526740153630584)
(18,21.22336777051288) +-(-30.037757317225157,-20.60483201344806)
(20,43.631845235824585) +-(17.736002206802368,9.39684772491455)
(22,42.697450081507384) +-(15.633562008539855,23.150492270787538)
(24,59.84815224011743) +-(41.20658191045129,76.09731117884314)
(26,-28.176414489746094) +-(-22.35654878616333,-18.5416898727417)
(28,-54.18702904383338) +-(35.93598492940271,47.08294216791785)
(30,441.6258324782054) +-(429.5178195635478,852.2442901929219)
(32,32.22698418299359) +-(-47.53784712155658,-84.38235608736676)
(34,-11.670589764912904) +-(-25.29549296696979,40.79863675435382)
(36,25.223230123519897) +-(56.84748816490173,90.89425873756409)
(38,-26.69103209177655) +-(-35.45580307642621,-6.379345973332704)
(40,2.87961745262146) +-(-26.09712028503418,-5.359433174133301)
(42,21.88276195526123) +-(-0.7259409427642822,5.617339611053467)
(44,-34.36848227183026) +-(-52.89785567919415,-43.45310576756793)
(46,30.685981194178225) +-(2.9853824774423856,7.565105756123899)
(48,-38.777175426483154) +-(-24.7551007270813,-52.618448972702026)
(50,-53.54946970939636) +-(-41.1356840133667,-22.883403301239014)

