(2,-95.20464261372882) +-(-32.46153982480365,-39.951512495676695)
(4,40.8228503068288) +-(30.825330336888612,57.070260683695494)
(6,-17.214872360229492) +-(-5.789663791656494,2.5093281269073486)
(8,-51.867371638615964) +-(-3.0802567799886447,19.802064021428464)
(10,4.1685229937235135) +-(5.527267853418948,-11.562208334604861)
(12,27.49081826210022) +-(-7.277008533477783,22.734702348709106)
(14,30.69213875134784) +-(-24.715386072794615,-40.70818384488422)
(16,58.120290994644165) +-(-21.24123477935791,-17.912189483642578)
(18,-5.052712917327881) +-(27.45334219932556,1.7693450450897217)
(20,26.240572849909427) +-(13.348214785257937,19.666092952092527)
(22,24.30088814099628) +-(-25.781144062678038,-65.43551452954608)
(24,-42.88070066769916) +-(-10.181331237157167,-12.57644216219586)
(26,137.4252851009369) +-(84.76857352256775,158.916987657547)
(28,35.9125560124715) +-(90.63761337598163,57.04508153597516)
(30,-10.533519347508786) +-(-39.1566801865896,-25.298308054606082)
(32,-72.41890215873718) +-(-82.23197412490845,-173.54727339744568)
(34,21.916179656982422) +-(12.785411357879639,46.073752880096436)
(36,43.06078775723773) +-(-11.188843170801817,-28.289661486943544)
(38,-46.01208289464313) +-(-23.153449376424135,2.5567265351613173)
(40,-41.52176841100055) +-(8.764977852503478,-12.52742568651837)
(42,33.86961054801941) +-(8.537811040878296,27.353229522705078)
(44,-41.512532313664735) +-(-2.9630738099415908,-5.440546433130919)
(46,21.869670708974184) +-(85.25916131337482,112.69335333506268)
(48,38.56957411766055) +-(10.572969198226957,18.219580411910982)
(50,-31.23622759183246) +-(-97.1437764962514,-74.36461512247723)

