(2,306.8955070177714) +-(41.373087803522765,33.18942364056903)
(4,264.3551615079244) +-(57.55228622754413,91.14758483568829)
(6,299.5943331718445) +-(39.15932369232178,69.65259289741516)
(8,318.5753267606099) +-(75.60479863484699,138.42535797754925)
(10,318.15913248062134) +-(28.64457941055298,32.50775337219238)
(12,294.84460186958313) +-(69.55713963508606,104.48902821540833)
(14,345.9819389979045) +-(75.98516146341962,144.0954778989156)
(16,369.00881934165955) +-(89.17800068855286,53.069180727005005)
(18,295.51505994796753) +-(25.954551458358765,42.70719265937805)
(20,333.4975763956706) +-(52.47781030337018,69.08139546712238)
(22,376.7667305469513) +-(93.25554323196411,87.83998489379883)
(24,349.0512077013652) +-(55.83120838801068,85.08781774838764)
(26,281.1108726660411) +-(40.73248879114789,20.971924861272157)
(28,284.1974090735118) +-(50.463801542917906,62.60602458318073)
(30,778.694497426351) +-(467.198932727178,924.2865163485209)
(32,322.12961411476135) +-(23.73790693283081,36.620457887649536)
(34,306.59167830149335) +-(55.953022638956725,107.93738253911334)
(36,325.400780359904) +-(97.1545654932658,152.2003110249837)
(38,263.74371274312335) +-(25.025484402974428,31.668365160624205)
(40,354.8842188517253) +-(61.64799968401593,52.74488409360248)
(42,338.95586856206256) +-(65.82556112607318,82.80979625384015)
(44,297.47396953900653) +-(5.545271714528383,4.106849114100157)
(46,336.0773130257924) +-(25.615323384602846,49.34606377283734)
(48,274.28547342618305) +-(21.083763440450014,25.3951889673869)
(50,304.1361770629883) +-(48.94726371765137,28.660261392593384)

(2,367.30007751782733) +-(89.18535908063251,53.83495847384137)
(4,334.9958589871724) +-(84.05793531735736,86.9520429770152)
(6,303.686914285024) +-(81.64155658086139,132.57244698206586)
(8,284.7497142155965) +-(29.128969033559144,31.930222670237242)
(10,430.8797903060913) +-(61.79280376434326,61.98590922355652)
(12,293.08567690849304) +-(42.499284982681274,47.98447394371033)
(14,282.33326355616254) +-(26.91762129465741,29.50457557042438)
(16,235.91533931096396) +-(20.57199772198996,29.54244057337442)
(18,274.29169217745465) +-(55.99230877558392,63.31202467282611)
(20,289.865731159846) +-(34.74180809656781,59.684547742207826)
(22,334.0692804654439) +-(77.62198122342426,64.68949262301129)
(24,289.20305546124774) +-(14.624626477559389,8.990506569544493)
(26,309.28728715578717) +-(63.08903757731122,39.513614734013856)
(28,338.38443811734516) +-(14.5278166135152,15.523082415262877)
(30,337.06866494814557) +-(37.68111316363019,72.04222615559894)
(32,289.90262993176776) +-(71.27575405438739,121.0028139750163)
(34,318.26226806640625) +-(81.24851560592651,67.13874578475952)
(36,300.1775502363841) +-(40.30707732836407,61.30605228741962)
(38,290.4347448348999) +-(60.481287479400635,38.04771113395691)
(40,352.0046013991038) +-(87.74511996905011,58.10431726773578)
(42,317.07310660680133) +-(66.55150206883746,77.19245664278668)
(44,331.8424518108368) +-(58.443127393722534,47.55995488166809)
(46,305.3913318316142) +-(22.62994090716046,41.78095801671344)
(48,313.0626488526662) +-(45.83886416753131,78.01363794008893)
(50,357.68564677238464) +-(90.08294773101807,51.5436646938324)

