(2,295.91915464401245) +-(71.09275007247925,52.25360131263733)
(4,294.45383977890015) +-(37.23645901679993,69.05882143974304)
(6,345.95806852976483) +-(31.231247584025084,48.71848042805988)
(8,271.1639976501465) +-(43.448572397232056,24.956029653549194)
(10,280.5988970597585) +-(67.27019675572711,38.01962176958722)
(12,362.1467378139496) +-(106.49984335899353,112.20772337913513)
(14,285.68011077245075) +-(72.9233232339223,118.12017981211346)
(16,285.25959904988605) +-(54.2744408448537,27.843925635019957)
(18,304.8254163265228) +-(29.84903359413147,33.49512028694153)
(20,368.4571099281311) +-(26.849918842315674,46.52325630187988)
(22,267.80380392074585) +-(39.53178310394287,28.389939785003662)
(24,283.1457436879476) +-(45.21515448888141,31.868249336878478)
(26,298.7255934874217) +-(89.09508291880292,160.0073681672414)
(28,305.0720105965932) +-(34.441162665685,53.265230337778746)
(30,289.86673227945965) +-(66.04020945231122,67.80998571713764)
(32,315.54748328526813) +-(48.6829086144765,69.01559082667035)
(34,287.7408084869385) +-(37.01127505302429,34.14537763595581)
(36,318.44275665283203) +-(60.961673736572266,53.06170058250427)
(38,283.57328097025555) +-(77.41936961809796,102.0302203496297)
(40,269.55493370691937) +-(32.53983418146771,48.449809392293275)
(42,285.37418540318805) +-(39.41393550237018,49.00808564821881)
(44,308.6372449398041) +-(89.62869429588318,98.64595866203308)
(46,333.08721415201825) +-(80.28394810358685,110.98779948552448)
(48,348.735106865565) +-(55.928106943766295,52.107184489568056)
(50,311.7007191975911) +-(34.09677871068317,40.19671956698102)

(2,373.24212606747943) +-(104.56160076459247,191.07482139269513)
(4,261.4486168225606) +-(27.010468562444032,18.03789202372235)
(6,305.78616921106976) +-(52.77446691195172,67.53871019681293)
(8,372.81972098350525) +-(90.50717973709106,77.22028136253357)
(10,311.69089611371356) +-(53.542389472325624,57.80336109797162)
(12,329.79534037907916) +-(55.45205791791278,103.46614901224774)
(14,279.0925854841868) +-(60.51991120974225,42.09978993733722)
(16,339.76655809084576) +-(91.53252784411114,96.85500868161517)
(18,307.7774922847748) +-(30.818745136260986,44.35408115386963)
(20,291.1612964471181) +-(18.117048581441225,12.082390944163024)
(22,326.1342608133952) +-(32.44933787981671,33.478323539098085)
(24,334.0921932061513) +-(34.53104503949481,29.20677320162457)
(26,269.40728036562604) +-(43.26906434694928,27.36479695638019)
(28,322.0582754611969) +-(121.64084053039551,95.57257008552551)
(30,312.95422116915387) +-(57.815000693003356,79.89966066678363)
(32,263.0213086605072) +-(20.70635485649109,25.42845869064331)
(34,375.1385482947032) +-(61.808772722880065,122.41190656026203)
(36,300.73792656262714) +-(71.06749471028644,78.05777041117352)
(38,348.82517981529236) +-(60.67271113395691,57.425734758377075)
(40,421.3572850227356) +-(105.13377356529236,205.05874300003052)
(42,296.08625841140747) +-(65.24870157241821,56.69289755821228)
(44,282.6593533356984) +-(46.37186129887897,50.220744053522765)
(46,314.2734167575836) +-(83.92899966239929,106.26243472099304)
(48,373.7872375647227) +-(28.436014334360777,27.040067513783754)
(50,355.644757270813) +-(32.75489020347595,38.619303464889526)

