(2,316.19362505276996) +-(69.89094599088031,109.45190397898358)
(4,264.5358214378357) +-(50.13425087928772,53.95389699935913)
(6,307.57365679740906) +-(14.82230806350708,9.607218980789185)
(8,313.1570354302724) +-(23.87467344601947,20.832297245661437)
(10,249.52698866526285) +-(32.472527662912995,45.717896540959686)
(12,341.88428807258606) +-(107.0224940776825,88.06354761123657)
(14,281.49387764930725) +-(52.22168731689453,46.0984902381897)
(16,326.65310406684875) +-(89.46478343009949,75.68720054626465)
(18,290.8299976189931) +-(18.361050923665346,15.284920136133849)
(20,375.0368893146515) +-(128.29992699623108,124.45876979827881)
(22,368.5900872548421) +-(46.51146086057025,78.1749650637309)
(24,268.1210714181264) +-(28.263503154118837,31.343867699305235)
(26,280.1565917332967) +-(41.27785857518512,20.705338637034117)
(28,375.4644623597463) +-(128.63873012860614,97.71930662790936)
(30,321.8587215741475) +-(76.99141128857929,74.44268623987836)
(32,352.04084094365436) +-(77.55193932851154,123.78847972551984)
(34,320.77084342638653) +-(47.63566795984906,47.65507157643634)
(36,330.77201159795123) +-(107.65386350949603,200.04345146814984)
(38,284.15233127276105) +-(51.736960570017516,51.12083729108173)
(40,324.19990134239197) +-(81.53047943115234,49.71975517272949)
(42,349.01839717229205) +-(64.99465854962665,71.54207889238995)
(44,338.71600524584454) +-(138.8274158636729,110.47112305959064)
(46,312.86536717414856) +-(97.55301070213318,108.84402871131897)
(48,307.4889367421468) +-(15.056162675221742,22.385989824930846)
(50,289.6764016151428) +-(15.415360450744629,25.204795360565186)

(2,255.45909984906515) +-(39.92496975262961,36.214208285013825)
(4,318.3612066904704) +-(40.55416170756024,76.47992261250812)
(6,311.14964572588605) +-(54.57638303438824,77.02142771085101)
(8,278.8995664914449) +-(22.249168713887514,11.818212668101012)
(10,306.4585349559784) +-(53.68376088142395,44.696961879730225)
(12,267.12937633196515) +-(26.90574781099957,26.388856967290224)
(14,255.4398431777954) +-(30.5205659866333,24.544270515441895)
(16,319.227255821228) +-(117.36175537109375,192.96182513237)
(18,384.38206728299457) +-(63.12006767590839,96.93497554461163)
(20,295.58755071957904) +-(69.26382168134052,44.436487118403136)
(22,400.0829538504283) +-(110.58742944399518,78.38835557301837)
(24,343.31797909736633) +-(10.135529041290283,7.188737630844116)
(26,236.75108559926352) +-(39.71588929494223,22.536065022150666)
(28,304.38623785972595) +-(53.85271978378296,51.502331495285034)
(30,352.42675018310547) +-(41.132118463516235,30.811673641204834)
(32,235.71530652046204) +-(62.41290235519409,39.15960478782654)
(34,330.9526207447052) +-(76.97046613693237,116.46102690696716)
(36,289.1535732746124) +-(61.42846369743347,47.82382082939148)
(38,289.30521988868713) +-(7.60325288772583,11.549619674682617)
(40,273.5661931832631) +-(45.10418518384296,24.62198774019879)
(42,314.0345973968506) +-(45.104599714279175,35.21203064918518)
(44,259.4890736738841) +-(66.3764335314433,59.29365690549213)
(46,293.818895816803) +-(2.2474000453948975,4.12299370765686)
(48,338.44982647895813) +-(59.40353178977966,78.20323729515076)
(50,286.07791622479755) +-(37.838335593541444,63.164024035135924)

