(2,60.734525203704806) +-(29.965976238250704,73.23769569396975)
(4,-53.8253852526347) +-(9.58008917172748,-22.526025613148988)
(6,-3.5759889284769883) +-(-39.75407497088116,-67.41420873006183)
(8,34.257468938827515) +-(1.625504732131958,9.014084577560425)
(10,-56.931546290715545) +-(-21.211233218510955,1.020934661229461)
(12,74.75491174062091) +-(80.11674626668292,61.67469064394635)
(14,26.05403447151184) +-(21.70112133026123,21.554219722747803)
(16,7.4258482456207275) +-(-27.896971940994263,-117.27462458610535)
(18,-93.55206966400146) +-(-44.75901675224304,-81.65005540847778)
(20,79.44933859507245) +-(59.03610531489056,80.02228267987567)
(22,-31.49286659558618) +-(-64.07596858342492,-0.21339050928747838)
(24,-75.19690767923993) +-(18.127974112828554,24.15513006846112)
(26,43.405506134033175) +-(1.5619692802428915,-1.8307263851165487)
(28,71.07822450002033) +-(74.78601034482318,46.21697513262433)
(30,-30.568028608957945) +-(35.85929282506305,43.63101259867352)
(32,116.32553442319232) +-(15.139036973317445,84.6288749376933)
(34,-10.181777318318666) +-(-29.334798177083314,-68.80595533053082)
(36,41.61843832333881) +-(46.22539981206256,152.21963063875836)
(38,-5.152888615926088) +-(44.133707682291686,39.57121761639911)
(40,50.633708159128844) +-(36.426294247309386,25.097767432530702)
(42,34.98379977544147) +-(19.890058835347475,36.33004824320477)
(44,79.22693157196045) +-(72.45098233222961,51.17746615409851)
(46,19.04647135734558) +-(95.30561065673828,104.72103500366211)
(48,-30.96088973681134) +-(-44.34736911455792,-55.81724747021991)
(50,3.5984853903452745) +-(-22.422975142796815,-37.95922867457074)

