(2,269.64827887217206) +-(48.223155895868956,41.42995627721149)
(4,282.03891762097675) +-(39.355173428853334,67.66846601168317)
(6,273.4867241382599) +-(31.17878770828247,61.34192991256714)
(8,263.7688196500142) +-(59.251750548680604,70.83220497767132)
(10,339.4894560178121) +-(69.03982337315875,40.192704836527525)
(12,318.5883204936981) +-(25.55157160758972,48.764634132385254)
(14,314.1881809234619) +-(25.770583629608154,26.797311305999756)
(16,335.58913644154865) +-(22.104639371236146,17.30763236681622)
(18,284.85836426417035) +-(65.68938318888348,48.16093166669208)
(20,322.509704430898) +-(71.83548887570697,66.46668259302777)
(22,345.53307779630023) +-(63.964545806248964,69.25917212168378)
(24,296.13701311747235) +-(58.683287302653014,48.50039251645404)
(26,445.8584674199422) +-(168.35408814748126,306.05777446428937)
(28,345.0890121459961) +-(126.95971441268921,98.66184973716736)
(30,309.2247727711995) +-(32.18426831563312,48.06538478533429)
(32,299.3206853866577) +-(9.69827389717102,4.981239557266235)
(34,345.4508535861969) +-(56.69209909439087,76.82054686546326)
(36,360.6229699452718) +-(25.948305209477724,17.28966180483502)
(38,267.75655603408813) +-(36.92306303977966,40.59124207496643)
(40,277.4640095233917) +-(46.376067876815796,35.7134370803833)
(42,301.24549682935077) +-(19.898321708043397,35.958449284235655)
(44,323.90403548876446) +-(37.27606527010602,43.82977779706317)
(46,320.53587396939594) +-(112.11821277936298,154.17253009478253)
(48,289.6501175562541) +-(37.033211867014586,37.5578082402547)
(50,290.6580657164256) +-(53.57792297999066,37.02628048261005)

(2,364.8529214859009) +-(80.68469572067261,81.38146877288818)
(4,241.21606731414795) +-(8.529843091964722,10.598205327987671)
(6,290.7015964984894) +-(36.968451499938965,58.83260178565979)
(8,315.6361912886302) +-(62.33200732866925,51.03014095624286)
(10,335.32093302408856) +-(63.512555519739806,51.75491317113239)
(12,291.0975022315979) +-(32.828580141067505,26.029931783676147)
(14,283.4960421721141) +-(50.48596970240277,67.50549515088397)
(16,277.4688454469045) +-(43.34587415059406,35.2198218504588)
(18,289.91107718149823) +-(38.23604098955792,46.39158662160236)
(20,296.2691315809886) +-(58.487274090449034,46.80058964093524)
(22,321.23218965530396) +-(89.745689868927,134.69468665122986)
(24,339.0177137851715) +-(68.86461853981018,61.0768346786499)
(26,308.4331823190053) +-(83.58551462491351,147.14078680674237)
(28,309.1764561335246) +-(36.32210103670758,41.6167682011922)
(30,319.7582921187083) +-(71.34094850222272,73.36369283994037)
(32,371.7395875453949) +-(91.93024802207947,178.5285129547119)
(34,323.5346739292145) +-(43.90668773651123,30.74679398536682)
(36,317.56218218803406) +-(37.13714838027954,45.579323291778564)
(38,313.76863892873126) +-(60.0765124162038,38.03451553980511)
(40,318.9857779343923) +-(37.61109002431232,48.24086276690167)
(42,267.37588628133136) +-(11.360510667165101,8.605219761530577)
(44,365.4165678024292) +-(40.23913908004761,49.27032423019409)
(46,298.66620326042175) +-(26.85905146598816,41.47917675971985)
(48,251.08054343859354) +-(26.46024266878763,19.33822782834372)
(50,321.89429330825806) +-(150.72169947624207,111.39089560508728)

