(2,-77.32297142346698) +-(-33.46885069211322,-138.8212200800578)
(4,33.00522295633954) +-(10.225990454355895,51.02092941602069)
(6,40.17189931869507) +-(-21.543219327926636,-18.82022976875305)
(8,-101.65572333335876) +-(-47.05860733985901,-52.264251708984375)
(10,-31.091999053955078) +-(13.72780728340149,-19.7837393283844)
(12,32.35139743487042) +-(51.04778544108075,8.741574366887392)
(14,6.587525288263919) +-(12.403412024180057,76.02038987477624)
(16,-54.506959040959714) +-(-37.25808699925744,-69.01108304659522)
(18,-2.952075958251953) +-(-0.9697115421295166,-10.8589608669281)
(20,77.295813481013) +-(8.73287026087445,34.44086535771686)
(22,-58.33045689264935) +-(7.082445224126161,-5.088383754094423)
(24,-50.946449518203735) +-(10.684109449386597,2.6614761352539062)
(26,29.318313121795654) +-(45.82601857185364,132.6425712108612)
(28,-16.986264864603697) +-(-87.19967786471051,-42.30733974774677)
(30,-23.087488889694214) +-(8.225208759307861,-12.089674949645996)
(32,52.52617462476093) +-(27.976553757985414,43.58713213602704)
(34,-87.39773980776471) +-(-24.797497669855773,-88.26652892430621)
(36,17.704830090204894) +-(-10.105820973714174,-24.99606982866925)
(38,-65.2518988450368) +-(16.74665848414105,44.604485591252626)
(40,-151.80235131581622) +-(-72.59393938382465,-156.60893360773724)
(42,-10.71207300821942) +-(-25.834766070048033,-7.684811909993471)
(44,25.97789160410565) +-(43.25683299700421,48.425214608510316)
(46,18.81379739443463) +-(-3.6450515588124404,4.7253647645314345)
(48,-25.052130699157715) +-(27.492092609405518,25.0671169757843)
(50,-43.94403807322186) +-(1.3418885072072158,1.5774161020914903)

