(0,626.5875464280447) +-(93.5655711491903,128.24524776140845)
(5,731.9382834434509) +-(60.158026695251465,37.103527545928955)
(10,605.5772854487101) +-(118.1033181349436,126.98829754193628)
(15,634.8549664020538) +-(84.98002696037292,100.21712970733643)
(20,701.6270226637522) +-(72.31953827540076,42.32536371548974)
(25,535.6429375012716) +-(40.96390565236413,46.58676139513648)
(30,614.4652160008749) +-(245.50125559171045,166.36510864893592)
(35,635.5206835269928) +-(149.0810785293579,161.42511200904846)
(40,752.8170692125956) +-(94.67372957865393,107.48794182141626)
(45,630.8266432285309) +-(150.28449940681458,102.75973272323608)
(50,1942.5936835606892) +-(1370.6521240075429,2560.7023398081465)

(0,547.9627459843954) +-(20.56501253445947,16.553633133570315)
(5,575.5904903411865) +-(206.02734780311584,279.02321100234985)
(10,559.6321530342102) +-(178.92636632919312,125.05879616737366)
(15,584.0814854303995) +-(83.24989859263098,56.24151762326562)
(20,365.30190841356915) +-(180.7098862330119,104.22506078084308)
(25,634.94247452418) +-(140.66645089785254,247.53194745381677)
(30,491.6003704071045) +-(30.02141547203064,24.443053722381592)
(35,639.1764237085978) +-(101.35367123285926,152.03505738576257)
(40,475.11587325731915) +-(212.49778930346173,149.62589653333026)
(45,667.2899973392487) +-(236.22562289237976,222.4296989440918)
(50,683.0805916786194) +-(125.0902750492096,64.01473379135132)

