(0,404.4953072865804) +-(21.550549825032533,24.29782716433209)
(5,573.4598306814829) +-(95.67589966456092,86.44506104787195)
(10,587.508774360021) +-(38.01077063878381,40.654377857844)
(15,540.4431504408518) +-(41.50327603022254,32.95194800694787)
(20,497.55283792813617) +-(104.21257026990253,133.97457544008893)
(25,680.1569071610769) +-(200.52831633885705,127.90979615847266)
(30,586.5790661176046) +-(32.673646052678464,49.699554840723636)
(35,1115.2496163845062) +-(707.8551542758942,1200.5867075920105)
(40,674.1808088620504) +-(91.64136799176538,136.56712571779883)
(45,666.3520735104879) +-(105.91888745625818,98.80539600054419)
(50,673.8140513896942) +-(17.248015880584717,15.463323593139648)

(0,486.66568358739215) +-(57.23501284917194,38.29754130045575)
(5,409.8343312740326) +-(51.606462240219116,27.40379524230957)
(10,395.18203441301984) +-(56.801461855570494,39.44664939244586)
(15,355.35085066159564) +-(108.50226457913715,149.55042401949567)
(20,434.7580755551656) +-(92.00327285130817,155.0787007013957)
(25,337.90873948733014) +-(73.03515950838727,44.52548058827716)
(30,445.0316424369812) +-(32.22870635986328,44.65471172332764)
(35,336.6081126530965) +-(75.30353792508441,39.31498066584271)
(40,320.37367486953735) +-(93.12160587310791,127.91106867790222)
(45,512.7363737424215) +-(111.83012708028161,142.111755768458)
(50,481.28412946065265) +-(100.44523390134174,189.612219731013)

