(10,482.3825792471568) +-(115.69886867205304,103.08067210515338)
(12,927.1962710221609) +-(107.1756466229757,63.36555163065589)
(14,1382.1638074715931) +-(245.00927170117689,168.77823750178027)
(16,2324.7032708326974) +-(200.75049130121852,108.30817540486669)
(18,3244.8236667315164) +-(418.950452963511,681.5524922211966)
(20,4619.942178885142) +-(330.3375555674238,272.9286478360491)

(10,467.106915473938) +-(73.86805009841919,119.22082924842834)
(12,942.2816780408224) +-(47.94042332967126,79.74422637621558)
(14,1716.3876173496246) +-(175.22500944137573,236.63402843475342)
(16,2408.773874759674) +-(395.17465925216675,301.71402859687805)
(18,3650.381138642629) +-(582.9321513970694,550.4962782065072)
(20,5628.094315608342) +-(122.75754769643117,74.32252470652293)

(10,558.2751264572144) +-(4.229063034057617,4.684980869293213)
(12,982.783895889918) +-(213.87014047304785,218.28165586789453)
(14,1886.5332766373951) +-(165.12594469388318,180.44910637537646)
(16,2543.30042997996) +-(126.52638093630458,92.78457816441869)
(18,4087.7506716251373) +-(648.7054526805878,466.06917667388916)
(20,6835.970607598622) +-(899.675365289052,477.0272106329603)

(10,569.5556724071503) +-(56.7166543006897,49.49644875526428)
(12,1134.408974011739) +-(50.84228714307142,57.12049810091662)
(14,1958.0934489568074) +-(586.2921572526295,378.55370489756274)
(16,3121.275352319082) +-(201.11551841100072,102.96251837412501)
(18,4658.452818870544) +-(931.5850956439972,826.3203389644623)
(20,6816.257904450099) +-(543.4383479754133,279.90609153111745)

